0 4418243
1 2891469
2 2120755
3 2008851
4 1937495
5 1693895
6 1652388
7 1427704
8 1293463
9 1211549
10 1186899
11 1181496
12 1079869
13 1074670
14 958614
15 916381
16 793420
17 744958
18 613880
19 565105
20 547305
21 545733
22 532201
23 500698
24 481540
25 480292
26 441513
27 440570
28 431539
29 421108
30 415993
31 406612
32 396627
33 393770
34 392153
35 386124
36 375188
37 347944
38 335218
39 318076
40 302100
41 298655
42 293706
43 293610
44 293391
45 286108
46 280554
47 270110
48 269395
49 266780
50 264256
51 253826
52 253826
53 252686
54 245948
55 240714
56 230811
57 229584
58 228949
59 227105
60 221910
61 220831
62 220812
63 217553
64 216439
65 204966
66 201749
67 198825
68 195440
69 195433
70 193916
71 190334
72 189499
73 189490
74 189211
75 185863
76 180314
77 180012
78 176716
79 175772
80 175312
81 174897
82 174251
83 173508
84 172986
85 169415
86 169075
87 166250
88 165563
89 164494
90 163186
91 162101
92 158325
93 157086
94 152241
95 152187
96 152057
97 151617
98 151285
99 149898
100 148529
101 146926
102 146650
103 145302
104 143418
105 142464
106 137519
107 136211
108 135998
109 135605
110 134864
111 134459
112 134112
113 132416
114 129360
115 129183
116 128530
117 127250
118 126812
119 125668
120 125626
121 124095
122 122621
123 121407
124 119740
125 116914
126 116268
127 116238
128 115398
129 115243
130 113819
131 113395
132 112084
133 112020
134 111981
135 109593
136 108952
137 108226
138 107994
139 105603
140 104470
141 104192
142 102287
143 101537
144 100603
145 100293
146 100274
147 98957
148 98742
149 97298
150 95609
151 95487
152 93230
153 92393
154 91834
155 91100
156 90843
157 89509
158 89448
159 87035
160 86704
161 86211
162 86103
163 85612
164 85297
165 85075
166 85020
167 84251
168 82240
169 81889
170 81882
171 81581
172 80792
173 80779
174 80631
175 80292
176 79855
177 78530
178 78222
179 77737
180 77525
181 77523
182 76836
183 76314
184 75018
185 74853
186 74264
187 73925
188 73581
189 73367
190 73313
191 73179
192 73132
193 73129
194 72831
195 72790
196 72766
197 72727
198 72466
199 72295
200 72208
201 71920
202 71458
203 70928
204 70586
205 70302
206 70187
207 69924
208 69896
209 69629
210 69131
211 69063
212 68989
213 68609
214 68286
215 68264
216 67771
217 67743
218 67590
219 67203
220 66911
221 66727
222 66000
223 65763
224 65364
225 65316
226 65136
227 65010
228 64208
229 64205
230 63615
231 63447
232 63192
233 63085
234 62657
235 62470
236 62374
237 62340
238 61905
239 61835
240 61464
241 61109
242 60815
243 60788
244 60063
245 59878
246 59015
247 58826
248 58570
249 57955
250 57072
251 57061
252 56733
253 56549
254 56110
255 55928
256 55912
257 55694
258 55502
259 55415
260 55318
261 55063
262 55024
263 54910
264 54457
265 54348
266 54199
267 53635
268 53600
269 53046
270 52761
271 52492
272 52073
273 52027
274 51873
275 51860
276 51703
277 51554
278 50828
279 50753
280 50749
281 50582
282 50460
283 50441
284 50054
285 49957
286 49947
287 49649
288 49543
289 49328
290 49294
291 48968
292 48807
293 48800
294 48569
295 48491
296 48415
297 48398
298 47654
299 47456
300 47419
301 47230
302 47205
303 47150
304 46918
305 46761
306 46670
307 46558
308 46507
309 46320
310 45623
311 45531
312 45513
313 45491
314 45326
315 45145
316 44842
317 44752
318 44739
319 44660
320 44578
321 44078
322 44003
323 43699
324 43583
325 43293
326 43119
327 43026
328 42402
329 42394
330 41783
331 41588
332 41568
333 41568
334 41296
335 41271
336 41073
337 40988
338 40967
339 40949
340 40922
341 40789
342 40590
343 40454
344 40372
345 40330
346 40144
347 40076
348 39942
349 39850
350 39804
351 39771
352 39537
353 39296
354 39211
355 38965
356 38965
357 38839
358 38463
359 38116
360 38060
361 37994
362 37992
363 37974
364 37688
365 37585
366 37531
367 37234
368 37026
369 37015
370 36981
371 36814
372 36596
373 36406
374 36329
375 36262
376 36259
377 36245
378 36230
379 36148
380 36032
381 36031
382 35609
383 35566
384 35469
385 35461
386 35376
387 35288
388 35270
389 35245
390 35186
391 35160
392 35141
393 35100
394 35083
395 35070
396 35001
397 34930
398 34908
399 34893
400 34872
401 34864
402 34610
403 34504
404 34495
405 34375
406 34326
407 34313
408 34164
409 34134
410 34112
411 34076
412 34041
413 34030
414 34004
415 33799
416 33794
417 33787
418 33635
419 33568
420 33383
421 33322
422 33241
423 33157
424 33058
425 33001
426 32949
427 32945
428 32791
429 32548
430 32479
431 32474
432 32397
433 31889
434 31849
435 31540
436 31484
437 31412
438 31316
439 31297
440 31218
441 31141
442 31051
443 30977
444 30926
445 30856
446 30826
447 30749
448 30736
449 30697
450 30639
451 30547
452 30482
453 30327
454 30312
455 30298
456 30147
457 30103
458 30042
459 29956
460 29867
461 29737
462 29631
463 29620
464 29516
465 29512
466 29509
467 29488
468 29475
469 29418
470 29376
471 29331
472 29296
473 29225
474 29120
475 29011
476 28973
477 28887
478 28863
479 28839
480 28792
481 28755
482 28712
483 28680
484 28674
485 28629
486 28597
487 28575
488 28496
489 28416
490 28415
491 28366
492 28347
493 28331
494 28211
495 28206
496 28128
497 28116
498 28005
499 27904
500 27893
501 27883
502 27843
503 27809
504 27798
505 27632
506 27582
507 27534
508 27413
509 27406
510 27293
511 27261
512 27251
513 27228
514 27135
515 27121
516 27108
517 27090
518 27027
519 27024
520 26984
521 26859
522 26840
523 26795
524 26768
525 26733
526 26646
527 26539
528 26535
529 26389
530 26297
531 26273
532 26258
533 26252
534 26221
535 26002
536 25963
537 25944
538 25880
539 25827
540 25815
541 25805
542 25723
543 25668
544 25626
545 25598
546 25501
547 25499
548 25489
549 25480
550 25435
551 25431
552 25334
553 25263
554 25210
555 25108
556 25032
557 24919
558 24909
559 24896
560 24827
561 24818
562 24784
563 24714
564 24712
565 24593
566 24573
567 24539
568 24520
569 24499
570 24481
571 24402
572 24319
573 24224
574 24217
575 24159
576 24134
577 24079
578 24038
579 23956
580 23923
581 23896
582 23895
583 23694
584 23686
585 23650
586 23622
587 23554
588 23495
589 23398
590 23397
591 23394
592 23378
593 23373
594 23352
595 23331
596 23317
597 23285
598 23236
599 23088
600 23025
601 22919
602 22788
603 22711
604 22698
605 22682
606 22678
607 22652
608 22649
609 22614
610 22430
611 22362
612 22309
613 22254
614 22191
615 22177
616 22103
617 22095
618 22018
619 21916
620 21912
621 21887
622 21867
623 21846
624 21832
625 21812
626 21727
627 21718
628 21673
629 21597
630 21528
631 21492
632 21417
633 21319
634 21311
635 21290
636 21125
637 21100
638 21098
639 21080
640 21051
641 21023
642 21017
643 20881
644 20774
645 20702
646 20701
647 20658
648 20505
649 20493
650 20468
651 20452
652 20434
653 20399
654 20392
655 20360
656 20323
657 20273
658 20261
659 20135
660 20132
661 20127
662 20110
663 20062
664 20046
665 20046
666 19976
667 19932
668 19791
669 19647
670 19638
671 19636
672 19620
673 19610
674 19608
675 19605
676 19568
677 19523
678 19478
679 19460
680 19435
681 19398
682 19374
683 19312
684 19285
685 19253
686 19250
687 19242
688 19222
689 19199
690 19170
691 19169
692 19103
693 19082
694 19050
695 19004
696 18936
697 18924
698 18891
699 18828
700 18822
701 18785
702 18780
703 18760
704 18656
705 18610
706 18565
707 18448
708 18433
709 18420
710 18402
711 18352
712 18313
713 18312
714 18307
715 18287
716 18253
717 18219
718 18204
719 18182
720 18049
721 18044
722 18003
723 17944
724 17928
725 17919
726 17906
727 17864
728 17861
729 17854
730 17822
731 17820
732 17813
733 17770
734 17751
735 17743
736 17652
737 17640
738 17634
739 17523
740 17517
741 17492
742 17482
743 17462
744 17427
745 17397
746 17321
747 17320
748 17319
749 17289
750 17285
751 17278
752 17265
753 17259
754 17256
755 17250
756 17241
757 17203
758 17187
759 17043
760 17027
761 16997
762 16966
763 16965
764 16962
765 16936
766 16920
767 16917
768 16905
769 16901
770 16865
771 16843
772 16842
773 16836
774 16827
775 16802
776 16800
777 16795
778 16775
779 16732
780 16717
781 16610
782 16557
783 16554
784 16547
785 16547
786 16445
787 16420
788 16415
789 16412
790 16374
791 16348
792 16314
793 16250
794 16203
795 16190
796 16162
797 16147
798 16139
799 16116
800 16078
801 16057
802 16053
803 16050
804 15974
805 15954
806 15910
807 15910
808 15824
809 15780
810 15765
811 15748
812 15733
813 15671
814 15634
815 15629
816 15620
817 15601
818 15589
819 15576
820 15505
821 15496
822 15495
823 15488
824 15478
825 15470
826 15468
827 15463
828 15439
829 15434
830 15431
831 15403
832 15377
833 15366
834 15325
835 15287
836 15261
837 15247
838 15234
839 15226
840 15175
841 15171
842 15143
843 15016
844 14988
845 14947
846 14910
847 14881
848 14864
849 14774
850 14772
851 14771
852 14744
853 14697
854 14673
855 14673
856 14589
857 14543
858 14510
859 14501
860 14487
861 14440
862 14430
863 14374
864 14371
865 14352
866 14304
867 14287
868 14280
869 14238
870 14205
871 14197
872 14182
873 14166
874 14102
875 14091
876 14047
877 14006
878 13987
879 13986
880 13949
881 13935
882 13911
883 13848
884 13840
885 13826
886 13813
887 13797
888 13796
889 13795
890 13777
891 13766
892 13759
893 13758
894 13691
895 13675
896 13651
897 13605
898 13592
899 13586
900 13530
901 13504
902 13384
903 13365
904 13355
905 13334
906 13316
907 13290
908 13259
909 13247
910 13218
911 13188
912 13177
913 13145
914 13133
915 13129
916 13053
917 12989
918 12983
919 12966
920 12942
921 12916
922 12870
923 12852
924 12850
925 12849
926 12840
927 12818
928 12800
929 12800
930 12793
931 12786
932 12739
933 12723
934 12696
935 12682
936 12671
937 12662
938 12643
939 12643
940 12641
941 12634
942 12630
943 12624
944 12556
945 12556
946 12526
947 12498
948 12490
949 12487
950 12477
951 12468
952 12457
953 12411
954 12402
955 12383
956 12368
957 12368
958 12360
959 12359
960 12339
961 12332
962 12311
963 12309
964 12278
965 12273
966 12266
967 12265
968 12261
969 12261
970 12241
971 12229
972 12194
973 12178
974 12156
975 12057
976 12042
977 11990
978 11970
979 11923
980 11892
981 11890
982 11865
983 11777
984 11725
985 11724
986 11723
987 11708
988 11681
989 11672
990 11647
991 11621
992 11533
993 11433
994 11407
995 11398
996 11387
997 11387
998 11378
999 11339
